8054
3064
6863
7304
3703
2520
2706
2949
4744
1611
2920
1885
3682
1017
3255
1971
3046
1674
2112
10284
2172
3677
2375
1855
2030
1383
5517
1769
2152
1163
1350
 800
3139
1427
1549
2071
1942
1243
1018
1081
1925
1070
3050
3767
2362
1531
1440
1873
3405
1906
1539
1247
1556
1124
1178
 921
2155
1086
1406
1563
1470
1194
1201
1581
1116
1780
1239
1544
2202
 985
1882
1431
1959
2013
1782
1205
1208
 948
1841
1638
1430
 846
1525
1075
2383
1375
1590
 612
1491
1017
 674
1050
1631
1048
 871
1292
1199
 671
1050
1343
1105
 930
 947
1086
 745
1492
1102
 986
1397
1250
1153
1036
2402
1324
 801
 929
1897
 985
1652
1890
1474
 945
1703
1420
 978
1124
2818
1075
1241
 753
1131
1023
 499
 700
1010
 437
 835
1025
 771
1202
1314
1531
1035
 751
 960
 699
 683
1162
2204
 926
 732
 794
 986
 841
1002
 830
 885
 804
1097
 676
1009
1248
1170
1183
 618
1114
1098
1118
1723
 806
 576
 613
 751
1681
1013
 915
 888
2242
 663
 931
 719
 765
 913
1114
 985
 955
1033
 826
1073
1353
 630
1323
 640
 818
1018
 784
 974
 881
 600
 759
1248
 581
 910
 999
1105
 843
 698
 937
1038
1123
1468
1082
1375
 685
 847
1425
 771
 721
 565
 751
5472
 770
 728
1139
1024
 816
1028
 809
1518
 811
1117
1513
1097
1097
 860
1123
 969
 710
 897
 719
 733
1141
 782
 658
 868
6051
 806
 807
 956
1202
 636
 779
1391
 806
4382
 987
 709
 620
 719
1561
 415
 847
 689
1206
 934
3038
1758
 663
1052
 988
 944
 666
 703
1329
 879
 570
 692
 791
 747
 505
 865
 905
 962
1544
 866
 696
 776
 932
 482
1004
 627
 859
1005
 704
1503
 666
 895
1065
 716
 689
 716
1539
 852
 613
 579
 943
 895
 673
1250
 837
 899
 722
 879
 551
 614
2364
1056
 573
 588
 543
 726
 591
1562
1062
 648
 438
 781
 519
 781
1352
1574
 816
1070
 962
 956
 933
1183
 851
 495
 999
 678
 885
 486
9194
 902
 713
 767
 595
 606
 563
 843
1150
 883
 700
 641
 642
 467
1473
 788
 532
 470
 596
 863
 853
1134
 896
 862
 551
 931
 796
 690
1012
 925
 837
 602
 604
 827
 857
1173
 862
 621
 577
 542
 691
 657
 818
 889
 705
 642
 994
 568
 532
1313
 683
 956
 533
 662
 702
 842
1744
 820
 589
 973
 789
 921
 959
 879
 819
 825
 635
 833
 783
 519
2690
 782
 591
 659
 760
 941
 377
 806
 612
2544
 809
 861
 784
 846
 853
 776
 705
 548
1211
1022
 780
1141
 903
1277
 522
 650
 466
 649
1057
 918
 539
1171
 827
 807
 375
1131
 771
 932
 593
1039
 714
 850
1125
 641
 743
 601
 580
 947
 893
1423
 997
 847
 530
 937
 729
 916
 803
 918
 621
 555
 981
 731
 971
 968
 703
1171
 495
 839
 942
 618
2924
 935
 866
 680
 952
 565
 825
1114
 902
 883
 383
 858
 716
 571
1255
 863
 737
 627
 676
 806
 761
1644
1002
 662
 876
 681
 900
 787
 957
1024
 782
 899
 833
 761
 475
1125
 800
1229
 855
 796
 601
 800
1478
 939
 502
 543
1661
 797
 881
1146
1213
 740
 549
 791
 947
 747
1266
 873
 991
 824
9117
 852
1003
1568
 834
 917
 965
 887
 669
 859
 868
 655
 921
 708
1059
 753
 572
1169
1055
1563
 998
 544
 938
 898
 741
 834
 634
 805
1085
 634
 556
 613
1286
 875
 850
 772
 563
 806
3123
 704
 607
 563
 897
 728
 734
1483
 871
 901
 383
 541
 515
 624
 692
 458
 465
1454
 838
 721
 945
1123
 523
 843
 520
 955
 495
 747
 847
 886
 868
 509
 506
1038
 821
 631
1045
 734
 857
 772
 580
1048
1632
 621
 714
 574
 467
 737
 759
1078
 663
 645
 469
 677
 513
 726
1128
 745
 490
 830
 893
 793
 598
1303
 788
 969
 705
 919
 596
 579
1162
 727
 850
 549
 979
1115
 721
 811
 864
 760
 799
 729
 940
 932
2647
 700
 548
 524
 459
 664
 528
1417
 746
 777
 436
 838
 515
 945
1047
1280
 721
 586
 786
 656
 691
1021
 458
 906
 874
 678
 624
 662
1394
 851
 495
 464
 542
 521
 548
1047
1209
 872
 538
 813
 795
 759
 755
 470
 525
 875
1179
 756
 297
1391
1268
 563
 644
 772
 557
 954
 874
1098
 906
 667
 819
 825
 895
 883
 850
1035
 499
 529
 543
 588
3659
 984
 954
 481
 843
 793
 623
 661
1216
 701
 560
 824
 486
 560
1439
 818
 519
 735
 886
 753
 533
1179
 821
 772
 560
 785
 486
 602
1174
 776
 716
 449
 781
 795
 696
1173
 729
 886
 484
 645
 735
 789
 868
 930
 494
 709
 859
 822
 523
 933
 889
 777
 841
 883
 641
 675
1122
 716
 617
 671
 824
 673
 532
1103
 844
1034
 511
 845
 539
 527
2974
 561
 701
 686
 744
 791
 579
1120
 753
 756
1646
 362
 428
 848
1222
 730
 540
 681
 846
 979
 551
1060
 534
 927
 655
 835
 409
1110
1228
 851
 438
 744
 745
 802
 483
 813
 555
 520
 421
 793
 548
 867
 965
 827
 507
 876
1257
 680
 692
1153
 440
 608
 541
 800
 587
 847
1276
 799
 555
 791
 859
 778
 549
1103
1027
 994
 411
 882
 595
 690
1071
 738
1034
 535
 451
 808
 573
 693
 851
 748
 546
 883
 440
 735
1216
 812
 550
 525
 892
 650
 476
 909
 882
1136
 440
 685
 718
 779
1494
 894
 499
 625
 847
 752
 590
 884
 745
1101
 531
 846
 454
 520
1107
 757
 698
 559
 957
 882
 499
1289
 923
 651
 825
 807
 523
 544
 767
 830
 542
 798
 720
 511
 538
1070
 704
 815
1030
 490
 532
 820
1290
 777
 443
 787
 696
 688
 953
1113
1313
 716
 503
 670
 600
 423
1111
 547
 671
 602
 573
 801
 470
2439
 900
 829
 557
 864
 561
 798
1027
 788
 446
 610
 991
 867
 702
1352
 798
1334
 663
 704
 543
 814
 947
 797
 832
 842
 794
 634
 615
1070
 832
 794
 930
 993
 610
 642
1385
 877
 544
 547
 804
 816
 581
 761
 819
 776
 532
 744
 455
 847
1301
 652
 479
 340
1058
 857
 581
1125
 579
 867
 480
 603
 515
 506
 715
 701
 700
 929
1014
 556
 485
1070
 792
 841
 529
1132
 683
 569
 963
 642
 569
 598
 556
 978
 765
 681
 783
 975
 601
 744
 455
1001
1386
 618
 726
 402
 846
 716
 562
1406
 728
 802
 706
 505
 488
 590
 962
 739
 462
 745
 762
 855
 605
1082
 483
 879
 438
1078
5908
 587
1107
 797
 844
 340
 487
 657
 591
 999
 742
 748
 438
 927
 503
 933
1015
1113
 563
 868
 748
 679
 751
1173
 769
1170
 473
 636
 498
 768
1313
 677
 591
 569
1434
 562
 640
1226
 497
 756
 742
 827
 775
 649
1628
 675
1057
 536
 468
 773
 482
 916
 781
 812
 559
 748
 485
 945
1251
 485
 547
 742
 859
 776
 898
1082
 681
 757
 594
 633
 875
 895
1050
1191
 677
1060
1124
 566
 583
 918
1031
 729
 501
 790
 461
 705
1099
 761
 904
 483
 475
 781
 792
1142
 854
 685
 511
 912
 519
 784
1057
1004
 952
 586
 967
 765
 912
 988
 545
 970
 513
 740
 696
 473
 897
 796
 537
 858
 880
 763
 672
1231
2459
 868
 446
 905
1108
 643
1305
 664
 731
 691
 720
 741
 581
1141
 852
 510
 593
 782
 771
 755
1111
 485
 513
 748
1151
 691
 463
 935
 751
 605
 478
 618
 957
 976
1467
 774
 532
 752
 744
 666
 735
 743
 976
 698
 613
 754
 507
 500
 996
 659
 745
 597
 914
 703
 553
 828
 622
 604
 636
 750
 448
 498
 851
 462
 784
 484
 739
 698
 500
 903
 762
 465
 440
 703
 396
 738
 963
 668
 722
 557
 788
 493
 582
 888
1169
 769
 432
 849
 697
 520
 865
 648
 370
 531
 471
 583
 675
1010
 736
 802
 813
 671
 524
 439
 787
 766
 509
 718
 582
 773
 756
1052
 734
 818
 381
 714
 728
 508
 888
 663
 501
 496
 808
 836
 654
 951
 761
 835
 720
 681
 565
 553
1108
 738
 624
 487
 704
 765
 546
1197
 921
 808
 426
 674
 403
 794
 950
 933
 931
 530
 815
 800
 501
 847
 687
 801
 810
 789
 536
 800
1010
 807
 415
 351
 646
 751
 848
1095
 834
 829
 508
 627
 526
 612
1014
 817
 695
 564
 785
 647
 868
2784
 602
 629
 507
 822
 673
 624
 710
 798
 717
 424
 700
 682
 424
 813
1707
 785
 469
 422
 935
 555
1367
 799
 499
 503
 635
 539
 938
 893
1022
 825
 554
 584
 872
 568
1473
 820
 525
 714
 760
 646
 913
 934
 800
 840
 486
 771
 775
 676
 938
 843
 841
 630
1376
 587
 482
7529
 909
 798
 316
 619
 373
 309
 647
 425
 666
 539
1013
 609
 542
 769
 470
 475
 301
 582
 662
 761
 999
 682
 247
 435
 317
 252
 602
1190
 699
 687
 361
 397
 270
 443
 486
 300
 452
 322
 561
 580
 702
 833
 233
 362
 188
 483
 394
 461
1269
 803
 244
 615
 419
 319
 560
 977
 587
 683
 261
1101
 476
 634
 352
 422
 460
 354
 522
 658
 505
 768
 805
 614
 373
 416
 296
 520
 879
 502
 457
 397
1341
 643
 549
1329
 370
 652
 588
 626
 291
 467
 849
 492
 757
 486
 758
 562
 381
1113
 446
 668
 321
 557
 331
 341
 812
 288
 371
 296
 416
 488
 343
1276
 563
 416
 361
 359
 386
1000
 762
 597
 312
 331
 519
 343
 282
 369
 836
 651
 261
 728
 363
 332
 576
 430
 273
 447
 759
 862
 831
 970
 759
 823
 256
 501
 327
 264
 396
 604
 494
 284
 801
 762
 710
1868
 456
 531
 193
 461
 602
 343
 777
 585
 377
 820
 765
 835
 478
 824
 486
 634
 391
 472
 283
 281
 707
 457
 338
 725
 333
 537
 502
 804
 378
 517
 159
 385
 414
 452
 653
 802
 355
 282
 515
 419
 383
 831
 497
 627
 254
 652
 304
 351
 583
 438
 396
 792
 777
 744
 839
1081
 853
 683
 272
 623
 491
 334
 366
 368
 433
 325
 534
 821
1058
1309
 517
 365
 297
 392
 301
 257
 692
 338
 903
 570
 857
 688
 718
1036
1003
1020
 288
 323
 538
 400
 716
 370
 294
 440
 509
 359
 635
 937
 517
 478
 234
 639
 555
 942
 812
 677
 232
 285
 391
 381
 299
 306
 793
 436
 748
 653
 289
 265
 568
 389
 450
 271
1205
 687
 481
1074
 574
 608
 339
 471
 295
 362
 807
 357
 364
 649
 606
 637
 465
1032
 284
 576
 297
 580
 282
 311
 450
 384
 562
 706
 653
 848
 379
 698
 494
 486
 262
 403
 267
 612
 502
 410
 568
 441
 593
 786
 400
 578
 492
 433
 448
 524
 698
 940
 471
 812
 989
 959
 368
 564
 495
 454
 515
 576
 644
 862
 676
 823
 653
 388
 612
 534
 553
 420
 311
 581
 838
 777
 419
 566
 389
 509
1818
 716
 449
 151
 363
 379
 398
 621
 592
1289
 561
 538
 278
 510
 640
 481
 527
 343
 443
 411
 813
 846
 997
 808
 221
 442
 305
 456
 839
 461
 768
 468
 747
 702
 398
 534
 312
 462
 278
 398
 482
 456
 760
 721
 389
 294
 446
 480
 610
1132
 750
 615
 349
 446
 412
 532
 576
 386
 251
 321
 597
 779
 914
 837
 380
 548
 236
 404
 787
 717
1218
 789
 404
 436
 404
 318
 367
 524
 430
 516
 254
 614
 341
 693
 423
 397
 401
 294
 591
 785
 351
 605
 232
 334
 584
 772
 623
 757
 746
 908
 369
 352
 390
 396
 464
 387
 660
 923
 491
 517
 541
 305
 235
 362
 325
 390
 668
 645
 978
 949
 318
 424
 391
1126
 410
 749
 721
 372
 258
 588
 198
 409
 377
 633
 951
 655
 483
 448
 243
 635
 775
 470
 241
 445
 921
 767
 764
1621
1773
 707
 237
 359
 436
 423
 698
 694
 253
 447
 597
 781
 772
1062
 353
 673
 301
 827
 445
 642
 553
 472
 459
 367
 417
 755
 479
1143
 670
 416
 295
 397
 207
 270
 987
 634
 474
 482
 479
 420
 351
 868
 458
 571
 288
 437
 899
 583
 739
1053
 395
 885
 781
 619
 339
 550
 351
 518
 321
 464
 321
 488
1254
 765
 344
 529
 365
 486
 622
1149
 812
 686
 243
 368
 379
 484
 482
 329
 473
 444
1280
 745
 279
 682
 251
 368
 376
 487
 552
 724
1200
 786
 312
 323
 327
 594
 635
 955
 760
 711
 271
 748
 293
 466
 490
 482
 497
 566
 521
1076
 694
 913
 427
 445
 222
 437
 260
 550
 922
 649
 412
 470
 840
 624
 217
 620
 387
 247
 396
 508
 356
 458
 809
 698
 551
 241
 254
 471
 463
1297
 818
 687
 597
 830
 350
 298
 288
 367
 375
 242
 415
 879
 386
 528
 857
 739
 467
 340
 245
 309
 850
 317
 754
 387
1005
 620
 526
1161
 442
 360
 225
 420
 525
 478
 567
 671
 285
 526
 278
 344
 315
 560
 418
 453
 487
 846
 422
 528
 734
 491
 259
 375
 550
 637
 772
 836
 723
 512
 443
 279
 388
 381
 699
 285
 424
 239
 698
 596
 403
 893
 790
 772
 325
 498
 297
 369
 491
 433
 435
1784
 706
 627
 544
 492
 222
 387
 203
 604
 496
 452
 881
 591
 441
 414
 231
 329
 459
 615
 552
 583
 274
 348
 239
 529
 365
 286
 257
 226
 999
 570
 554
1043
 542
 404
 342
 318
 323
 453
 339
 489
 254
 212
 620
 474
 587
 762
 672
 721
 264
 618
 269
 332
 328
 292
 549
 416
 501
 956
 224
 425
 330
 248
 287
 380
 558
 871
 881
 459
 544
 363
 881
 326
 348
 883
 777
 556
 591
 602
 296
 371
 325
 418
 361
 378
 362
 367
 344
 852
 892
 735
 343
 652
 347
 490
 560
 396
 568
 423
 561
 691
 356
 835
 256
 359
 302
 401
 397
 976
1081
 672
 717
 646
 415
 542
 268
 763
 749
 606
 526
 738
 240
 329
 476
 545
 393
 423
 741
 678
 543
1058
 734
 767
 409
 454
 547
 246
1285
 474
 401
 422
 763
 748
 727
 732
 448
 303
 351
 390
 225
 593
1283
 425
 419
 441
 391
 450
 282
 859
 423
 569
 386
 689
 492
 879
 489
 335
 210
 448
 223
 349
 480
 410
 453
 696
 399
 750
 555
 547
 433
 490
 364
 430
 874
 562
 903
 802
 578
 516
 387
 378
 413
 409
1156
 774
 500
 435
 516
 762
 231
 961
 470
 295
 309
 437
 250
 437
 618
 883
 716
 527
 374
 468
 383
 537
 669
 679
 445
 567
 515
 600
 570
 399
 608
 289
 288
 487
 604
 445
1024
 611
 429
 618
 636
 424
 881
 278
 391
 338
 476
 775
 392
1167
 472
 408
 326
 316
 386
 342
1163
1008
 840
 792
 765
 801
 342
 737
 244
 629
 245
 292
 287
 437
1318
 743
 559
 288
 500
 323
 314
 313
2330
 795
 338
 753
 447
 533
 542
 230
 273
 251
 359
 386
 316
 455
 770
 718
 526
 759
 469
 777
 407
 404
 372
 310
 703
 612
 528
1091
 278
 512
 268
 427
 336
 426
1240
 758
 537
 573
 774
 562
 262
 743
 493
 687
 276
 405
 397
 221
 508
 750
 465
 363
 443
 508
 305
 603
 599
 669
 569
 671
 455
 629
 370
 478
 489
 321
 454
 426
 265
 402
 599
 429
 560
 609
 405
 625
 656
 475
 494
 622
 708
 588
 866
 828
 296
 443
 213
 452
 327
 355
1201
 418
 519
 440
 618
 536
 388
 574
 443
 361
 275
 355
 353
 565
1066
 589
 577
 296
 568
 471
 292
 941
 616
 644
 383
 597
 425
 900
 344
 355
 334
 432
 404
 384
 455
 927
1089
 666
 611
 964
 600
 811
 382
 424
 396
 412
 575
 896
 543
 993
 340
 423
 202
 505
 301
 410
 884
 643
 370
 488
 691
 714
 377
 733
 339
 420
 279
 571
 225
 512
1292
 648
 408
 759
 327
 404
 413
 586
1128
 723
 552
1019
 734
 480
 593
 459
 358
 353
 329
 471
 662
 492
 641
 662
 410
 696
 453
 731
 552
 349
 281
 270
 754
 621
 474
1093
 550
 493
 370
 375
 417
 671
 972
 686
 384
 473
 346
 490
 770
 692
 705
 714
 216
 779
 391
 440
 423
 413
 458
 444
 309
 405
 321
 360
 739
 669
 433
 555
 456
 557
 417
 329
 312
 285
 503
 298
 353
 830
 919
 672
 581
 556
 545
 727
 958
 355
 449
 618
1023
 609
 592
 968
 453
 433
 145
 733
 740
 490
1022
 603
 461
 308
 323
 550
 560
 719
 785
 723
 637
 419
 414
 299
 370
 425
 397
 251
 957
 596
 291
 954
 286
 394
 544
 713
 460
 662
 761
1919
 293
 803
 319
 370
 593
 486
 481
 671
 498
 623
 617
 487
 817
 367
 359
 268
 520
 838
 682
 544
 574
 480
 256
 454
 448
 371
 782
 369
 410
 424
 949
 716
 603
1010
 694
 693
 194
 435
 227
 417
 800
 342
 345
 260
 512
 680
 336
 420
 511
 574
 450
 400
 641
 789
 946
 763
 265
 248
 374
 350
 295
 763
 573
 629
 477
 677
 483
 809
 376
 423
 451
 247
 727
 643
 521
1088
 395
 318
 391
 348
 347
 294
 253
 507
 695
 794
 702
 491
 464
 991
 737
 576
 379
 546
 378
 386
 445
 461
 347
 390
 875
 918
 379
 404
 388
 434
 590
 618
 532
 696
1048
 436
 359
 325
 448
 455
 188
 898
 724
 622
 933
 378
 466
 698
 671
 425
 369
 210
 560
 649
 662
1062
 401
 570
 213
 338
 292
 321
 618
 415
 550
 450
 554
 774
 404
 761
1009
 677
 515
 397
 387
 244
1279
 435
 564
 375
 488
 615
 343
1098
 373
 453
 304
 562
 406
 572
 781
 478
 322
 272
 522
 339
 225
 415
 525
 450
 445
 558
 370
 716
 387
 349
 350
 646
 715
 498
 616
 801
 420
 369
 472
 563
 695
 602
 991
 674
 289
 216
 235
 395
 382
 554
 590
 742
 233
 335
 234
 503
 422
 464
 888
 380
 460
 349
 283
 500
 515
 407
 390
 553
 426
 788
 460
 404
 364
 278
 405
 202
 444
 259
 602
 597
 431
 625
 376
 627
 589
 283
 213
 391
 799
 895
 408
 727
 297
 483
 303
 419
 330
 495
 476
 304
 454
 618
 770
 831
 675
1355
 616
 423
 322
 344
 312
 424
 754
 666
 363
 246
 795
 651
 228
 676
 426
 502
 419
 500
 599
 665
1095
 644
 257
 272
 385
 442
 425
 660
 824
 662
 315
 681
 474
 679
 792
 451
 396
 216
 971
 772
 698
1027
 282
 273
 213
 392
 233
 369
 275
 371
 394
 791
 773
 723
 759
1088
 430
 680
 228
 269
 232
 253
1122
 366
 420
 304
 256
 323
 218
 428
 430
 484
 395
 713
 420
 398
 534
 262
 424
 257
 380
 680
 455
1162
 447
 578
 237
 247
 286
 290
 400
 590
 388
 283
 606
 647
 462
1090
 887
 904
 563
 401
 358
 437
 989
 439
 442
 536
 806
 557
 259
 392
 440
 482
 349
 410
 395
 627
 977
 666
 588
 553
 586
 412
 430
 661
 415
 276
 398
 552
 341
 507
 469
 474
 916
 543
2405
 590
 324
 523
 449
 415
 682
 504
 687
 654
 602
 328
 360
 248
 962
 697
 813
1032
 283
 358
 344
 333
 230
 610
 926
 584
 476
 394
 775
 679
 361
 883
 335
 466
 301
 250
 697
 534
1109
1073
 413
 756
 329
 472
 257
 720
 230
 641
 263
 276
 659
 489
1064
 643
 399
 359
 287
 410
 336
 410
1008
 794
 540
 665
 463
 440
 308
 436
 500
 416
 374
 605
 437
1180
 338
 410
 193
 430
 357
 417
 640
 644
 494
 794
 716
 501
 389
 559
 348
 483
 348
 400
 402
 606
1015
 599
 445
 436
 403
 291
 209
 657
 314
 447
 347
 415
 389
 952
1055
 410
 442
 258
 517
 382
 297
 551
 701
 616
 381
 664
 439
 578
 475
 371
 218
 485
 624
 558
 692
 754
 474
 515
 226
 618
 793
 785
1057
 655
 222
 485
 501
 432
 775
1099
 599
 702
 381
 469
 289
 266
 446
 438
 811
 395
 568
 799
 320
 596
 228
 443
 242
 383
 516
 415
1081
 643
 486
 716
 336
 261
 210
 388
 886
 764
 270
 695
 372
 250
 445
 415
 404
 526
 685
 710
 520
 834
 554
 573
 257
 358
 309
 583
 336
 396
 695
 399
1525
 842
 298
 471
 217
 366
 292
 466
 708
 863
1069
 682
 478
 611
 288
 290
 441
 837
 525
 694
 438
 699
 385
 391
1012
 416
 252
 361
 330
 414
 613
 693
 535
 591
 206
 405
 300
 276
 527
 343
 206
 275
 464
 672
 635
 836
 435
 630
 462
 408
 264
 493
 363
 434
 422
 449
1458
 620
 394
 554
 349
 252
 469
 344
 371
 774
 732
 733
 613
 601
 282
 491
 927
 653
 722
 713
 429
 843
 352
 420
 458
 381
 291
 275
 459
1015
1044
 821
 343
 351
 307
 421
 513
 298
 372
 250
 449
 282
1382
 658
 858
 986
 324
 399
 183
 458
 420
 443
 708
 719
 319
 508
 286
 415
 492
 695
 704
 719
 609
 639
 463
 575
 343
 439
 266
 217
 365
 425
 899
1206
1072
 674
 427
 733
 315
 433
 471
 372
 300
 312
 421
 881
 944
 746
 392
 488
 191
 351
 238
 386
 283
 358
 634
 436
1020
 731
 505
 997
 380
 285
 261
 208
 389
 588
 702
 859
 333
 432
 346
 296
 557
 466
 796
 647
 458
 776
 538
 465
1028
 443
 210
 231
 301
 466
 405
1186
 819
 708
 486
 676
 323
 490
 344
 447
 579
 243
 463
 604
 508
1262
 429
 337
 329
 379
 241
 456
 248
1314
 818
 800
 742
 638
 603
 821
 287
 457
 173
 553
 704
 603
 790
 601
 301
 551
 474
 345
 296
 673
 800
 676
 431
 715
 406
 757
 727
 379
 300
 259
 575
 331
 832
1161
 618
 524
 410
 477
 296
 552
 464
 405
 565
 830
 498
 643
1095
 829
 387
 416
 430
 393
 441
 411
 570
 311
 468
 401
 526
1064
 522
 597
 394
 325
 314
 333
 551
 713
1279
 852
 270
 296
 483
 409
 263
 507
 682
 690
 520
 458
 993
 526
 960
 423
 349
 270
 318
 355
 711
1100
 762
 693
 531
 924
 388
 278
 483
 381
 290
 276
 445
 947
 851
 781
 491
 428
 265
 377
 281
 469
 340
 476
 514
 478
1621
 635
 508
1146
 334
 460
 448
 373
 827
 435
 702
 919
 447
 292
 384
 482
 291
 766
 512
 739
 477
 740
 443
 450
1072
 305
 535
 500
1875
 620
 463
 425
 754
 437
 466
 717
1019
 670
 962
 440
 360
 359
 357
 510
 383
 647
 288
 384
 498
 576
 643
 503
 876
 595
 381
 292
 572
 400
 510
 988
 795
 728
 251
 243
 773
 370
1148
 800
 412
 652
 188
 440
 305
 359
 533
 567
 344
 598
 510
 534
 678
 418
 942
 353
 427
 742
 312
 581
 335
 383
 390
 628
 430
 555
 337
 472
 403
 254
 274
 343
 674
 975
 691
 698
 207
 287
 423
 275
1085
 405
 617
 328
 611
 487
 544
 750
 858
 693
 343
 332
 305
 401
1089
 527
 447
 624
 610
 534
 304
 795
 412
 365
 723
 702
 544
 621
 398
 425
 712
 391
1201
 702
 358
 980
 261
 317
 236
 260
 399
 559
 814
 659
 354
 377
 325
 377
 691
 845
 577
 690
 297
 521
 363
 428
1524
 652
 601
 573
 299
 477
 290
 289
 695
 515
 444
 603
 382
 751
 523
 342
 788
 367
 966
 630
 255
 874
 362
 271
 507
 636
 554
 687
 289
 378
 414
 374
 345
 335
 639
 885
 415
 562
 139
 563
 369
 368
1061
 694
 587
 476
 587
 693
 273
 570
 326
 360
 429
 597
 421
1044
 412
 301
 574
 394
1012
 742
 264
 916
 389
 502
 535
 916
 697
 493
 691
 644
 328
 549
 375
 399
 247
 365
 324
 590
 587
 792
 589
 378
1208
 761
 233
 263
 220
 249
 867
 826
1534
 648
 477
 416
 258
 259
1159
 417
 684
 682
 409
 373
 366
 589
 608
 585
 405
 710
 903
 604
 249
 351
 601
 459
1296
 600
 498
 547
 235
 422
 543
 743
 600
 625
 987
 363
 324
 241
 326
 323
 413
 754
 516
 653
 487
 441
 688
 644
 602
 385
 443
 276
 318
 348
 408
1139
 794
 804
 368
 622
 253
 360
 312
 386
 481
 283
 646
 800
 362
 913
 589
 574
 540
 639
 366
 467
 379
 358
 615
 443
 471
 988
 294
 387
 219
 464
 283
 436
 440
 931
 674
 438
 330
 287
 253
 450
 428
 649
 705
 551
 147
 451
 340
 390
 698
 558
 728
 582
 489
 344
 361
 924
 675
 584
 319
 435
 407
 338
 468
 396
 418
 713
 437
 594
 462
 638
 531
 642
 229
 379
 365
 362
1752
 285
 431
 270
 426
 570
 878
 795
 221
 257
 351
 399
 563
 407
1067
 838
 637
 768
 612
 594
 436
 878
 318
 393
 263
 365
 334
 259
2621
 697
 615
 425
 686
 597
 380
 314
 307
 396
 368
 641
 723
 457
 298
 395
 641
 533
 560
 589
 160
 790
 336
 296
 145
 383
 624
 499
 808
 651
 475
 509
 351
 393
 295
 480
 316
 682
 378
 697
 524
 706
1245
 667
 351
 231
 255
 351
 759
1018
 617
 519
 366
 289
 227
 263
 471
 375
 841
 413
 365
 589
 431
 999
 328
 469
 344
 610
 577
 562
 389
 362
 347
 505
 550
 647
 412
1250
 591
 832
 277
 362
 315
 419
 780
 419
 605
 465
 572
 669
 411
 716
 371
 427
 258
 455
 535
 442
 914
 674
 761
 480
 461
 622
 339
 548
 286
 451
 507
 358
 462
 747
1468
 601
 769
 490
 551
 388
 292
 737
 239
 263
 683
 521
 407
 633
1486
 804
 347
 526
 243
 406
 278
 543
 389
 408
 536
 674
 524
 518
1006
 565
 267
 378
 260
 343
 515
 597
 537
 693
 251
 318
 689
 598
 960
 593
 321
 325
 369
 345
 439
 892
 734
 700
 201
 374
 251
 319
 958
 684
 491
 628
 596
 653
 282
 495
 356
 388
 386
 891
 408
 531
1268
 601
 202
 263
 437
 331
 458
1156
 735
 628
 746
 565
 296
 487
 373
 362
 393
 439
 950
 663
 252
 388
 339
 400
 380
 461
 819
 673
 449
 367
 222
 256
 450
 469
 533
 811
 646
 660
 232
 315
 368
 274
1390
 584
 608
 747
 720
 749
 270
 815
 423
 385
 346
 560
 480
1042
 483
 382
 535
 410
1068
 604
 246
 387
 330
 450
 534
 641
 401
 609
 656
 554
 222
 440
 321
 334
 361
1064
 407
 626
 432
 580
 375
 632
 594
 293
 302
 252
 368
 322
 700
1100
 592
 495
 223
 352
 210
 433
 954
 597
 500
 809
 353
 265
 202
 571
 573
 599
 355
 516
 209
 261
 436
 369
 690
 392
 542
 750
 229
 420
 325
 412
 393
 585
 413
 396
 960
 638
 334
 237
 308
 390
 265
 697
 694
 409
 522
 602
 416
 581
 407
 446
 271
 273
 315
 550
 471
 922
 732
 606
 542
 537
 197
 393
 530
 346
 578
 767
 502
 641
 250
 498
 300
 402
 423
 771
 359
 679
1049
 653
 585
 366
 427
 308
 343
 388
 581
 448
 370
 627
 472
 684
 333
 398
 380
 192
 327
 315
 357
 908
 670
 626
 202
 319
 384
 345
1322
 620
 567
 587
 408
 614
 329
 537
 330
 250
 390
 640
 431
 739
 466
 416
 687
 447
1061
 660
 231
 423
 223
 373
 371
 625
 417
 812
 714
 704
 470
 269
 339
 378
 426
 343
 542
 736
 553
 751
 589
 602
 360
 387
 235
 393
 293
 347
 555
1471
 598
 455
 361
 584
 407
 415
 336
 367
 641
 385
 779
 551
 390
 391
 298
 268
 418
 486
 636
 446
 519
 493
 375
 757
 746
 621
 268
 448
 287
 347
 297
 745
 784
 753
 697
 396
 197
 357
 344
 320
 360
1461
 694
 491
 249
 389
 301
 274
1039
 684
 520
 430
 613
 603
 396
 437
 419
 366
 338
 821
 640
 437
 483
 359
 597
 575
 833
 655
 342
 522
 266
 397
 373
 595
 406
 748
1056
 635
 353
 282
 342
 438
 297
 419
 337
 360
 388
 661
 496
 572
 585
 655
 342
 358
 384
 282
 524
 946
 603
 856
 306
 392
 367
 301
1481
 603
 358
 450
 219
 323
 371
 433
 584
 678
 433
 658
 785
 419
 476
 365
 426
 407
 432
 524
 287
 404
 313
 421
 553
 576
 350
 527
 443
 354
 275
 296
 350
 307
 361
 875
 432
 782
 347
 307
 317
 231
1261
 625
 421
 400
 527
 725
 278
 809
 277
 367
 378
 540
 534
 964
 325
 321
 713
 383
 777
 547
 298
1105
 269
 247
 888
 627
 436
 721
 893
 583
 449
 324
 298
 201
 363
 375
 309
 401
 352
 963
 771
 603
 740
 714
 250
 203
 300
 402
 391
 767
 554
 732
 205
 374
 367
 484
 778
 625
 547
 444
 463
 332
 426
 859
 593
 577
 445
 650
 672
 572
 360
 369
 432
 773
 518
 409
 381
1172
 322
 360
 419
 614
 723
 403
 731
 372
 294
 594
 340
 342
 444
 646
 862
 556
 140
 327
 461
 402
 447
 573
 618
 583
 601
 548
 764
1001
 433
 683
 237
 377
 305
 200
1347
 649
 609
 415
 533
 677
 330
 315
 361
 382
 414
 635
 457
 667
 935
 332
 773
 365
1085
 647
 301
 353
 377
 417
 229
 260
 377
 547
 391
 629
 313
 338
 344
 376
 582
 715
 546
 833
 271
 335
 243
 490
 942
 503
 459
 417
 270
 227
 382
 702
 704
 631
 320
 655
 413
 402
 442
 360
 621
1558
 494
 537
 485
 504
 336
 424
 616
 637
 563
 780
 361
 376
 262
 334
 413
 414
1030
 899
 926
 478
 243
 376
 284
 365
 839
 593
 348
 589
 639
 562
 307
 451
 300
 410
 383
 549
 464
 663
 746
 347
 470
 371
 522
 663
 210
 306
 307
 374
 297
 636
 557
 400
 826
 632
 305
 367
 273
 317
 343
 669
 321
 511
 434
 596
 355
 463
 786
 589
 216
 377
 300
 400
 349
1142
 688
 839
 443
 417
 313
 420
 443
 501
 435
 386
 614
 672
 724
 719
 394
 603
 270
 392
 348
 348
1436
 580
 782
 420
 715
 624
 244
 584
 326
 532
 253
 317
 683
 623
 668
 589
 381
 449
 293
 146
 267
 942
 588
 691
 342
 575
 254
 389
 531
 360
 458
 692
 480
 543
 244
 867
 273
 386
 570
 622
 478
 565
 733
 637
 282
 186
 206
 323
 445
1434
 730
 456
 506
 527
 271
 257
 798
 433
 242
 236
 691
 614
 544
 919
 283
 640
 362
 347
 388
 604
 955
 586
 217
 311
 174
 293
 557
1021
 759
 639
 382
 746
 401
 447
 353
 374
 764
 538
 606
 559
 613
1431
 342
 242
 377
 602
 425
 616
 507
 406
 597
 689
 508
 557
 512
 614
 307
 480
 262
 340
 514
 581
1098
 657
 440
 492
 310
 379
 592
1146
 725
 558
 457
 633
 253
 229
 418
 350
 443
 639
 703
 622
 549
1297
 334
 480
 568
 518
 386
 529
 925
 406
 634
 574
 576
 566
 243
 395
 359
 364
 231
 366
 395
 548
1607
 539
 283
 181
 411
 442
 775
1037
 676
 594
 360
 575
 451
 544
 876
 344
 722
 546
 588
 549
 676
 933
 331
 527
 168
 409
 493
 527
 771
 609
 381
 375
 374
 529
 486
 769
 524
 624
 393
 579
 223
 369
 734
 325
 222
 534
 603
 677
 334
 884
 746
 625
 427
 837
 285
 313
 595
 386
 621
 615
 581
 655
 233
 395
 307
 307
 561
 610
 510
 910
 872
 604
 220
 307
 222
 317
 506
1381
 588
 560
 710
 601
 361
 283
 280
 357
 443
 491
 557
 732
 333
 884
 282
 451
 216
 349
 659
 516
2709
 602
 337
 338
 414
 433
 430
 636
 548
 609
 401
 569
 320
 370
 350
 478
 340
 443
 413
 550
 330
 698
 331
 256
 229
 354
 504
 670
 915
 669
 337
 570
 699
 553
 244
 374
 347
 406
 252
 343
 420
 729
 835
 597
 377
 483
 380
 311
 440
 869
 640
 844
 210
 294
 268
 272
 832
 625
 512
 548
 274
 352
 360
 382
 543
 529
 501
 728
 386
 457
1668
 365
 286
 286
 539
 532
 374
 846
 330
 331
 412
 628
 522
 946
 697
 548
 186
 213
 356
 343
 210
 461
 602
 593
 400
 572
 838
 622
 886
 586
 258
 322
 288
 355
 199
 716
 546
 578
 544
 862
 411
 480
1016
 740
 367
 249
 232
 320
 742
 771
 549
 847
 344
 874
 366
 381
 442
 402
 572
 541
 554
 593
 420
 881
 325
 775
 354
 353
 383
 361
 973
 613
 211
 251
 308
 405
 589
1079
 624
 670
 280
 742
 408
 427
 609
 407
 420
 342
 584
 588
 378
 783
 362
 258
 171
 367
 610
 961
 762
 681
 415
 229
 280
 348
 583
1021
 675
 691
 724
 614
 243
 405
 372
 374
 252
 332
 669
 605
 445
 766
 581
 563
 401
 733
 333
 398
 716
 433
 392
 931
 353
 638
 340
 373
 290
 347
 406
 675
 459
 746
1296
 644
 247
 233
 397
 316
 473
1655
 595
 477
 368
 564
 274
 546
 298
 467
 538
 642
 359
 419
 310
 628
 373
 472
 450
 477
 695
 709
1476
 462
 307
 266
 269
 400
 703
1041
 548
 626
 463
 634
 360
 280
 824
 364
 538
 336
 564
 616
 556
1057
 431
 354
 218
 352
 546
 642
1116
 630
 580
 749
 333
 288
 314
 515
 547
 832
 209
 416
 303
 341
 377
 363
 395
 269
 642
 610
 557
1063
 542
 719
 585
 683
 590
 442
 268
 281
 200
 308
 401
 421
 425
1023
 521
 470
 448
 359
 361
 492
1186
 686
 574
 363
 384
 353
 395
 347
 555
 591
 352
 574
 420
 555
 391
 378
 283
 321
 342
 383
 554
 770
 518
 562
 352
 732
 599
 541
 382
 391
 482
 220
 281
 387
 359
1201
 674
 674
 216
 365
 281
 579
 801
 588
 435
 378
 288
 304
 224
 367
 564
 773
 364
 635
 543
 436
 326
 350
 294
 298
 559
 604
 430
1061
 314
 346
 184
 344
 604
 625
1221
 665
 403
 500
 553
 630
 317
 626
 399
 342
 307
 391
 649
 709
1140
 603
 601
 478
 709
 577
 215
 394
 345
 448
 354
 567
 376
 638
 674
 596
 252
 225
 307
 427
 470
 899
 571
 688
 233
 370
 217
 327
 464
 322
 571
 698
 346
 398
 305
 495
 606
 642
 413
 558
 471
 649
1690
 545
 434
 369
 566
 653
 718
 666
 766
 620
 205
 330
 307
 381
 908
 630
 563
 259
 463
 374
 314
 923
 473
 412
 275
 335
 344
 296
 964
 655
 467
 691
 203
 296
 221
 421
 323
 447
 333
 917
 353
 654
 289
 453
 325
 302
 735
 581
 767
 799
 594
 498
 398
 561
 244
 522
 308
 314
 469
 657
 763
 594
 377
 975
 290
 328
 191
 355
 393
 657
1034
 675
 448
 379
 282
 350
 560
1108
 697
 615
 344
 352
 267
 269
 335
 435
 380
 491
 520
 557
 541
 957
 567
 588
 433
 556
 408
 693
 482
 375
 623
 694
 676
 533
 203
 592
 313
 213
 375
 536
 360
 652
 896
 782
 287
 265
 294
 397
 854
 865
 597
 697
 548
 688
 260
 362
 514
 294
 431
 487
 698
 665
 476
 795
 326
 379
 264
 388
 680
 506
 839
 631
 259
 237
 347
 393
 455
 538
 890
 653
 456
 583
 276
 371
 362
 331
 766
 463
 588
 592
1094
 875
 273
 352
 251
 354
 732
 753
 759
 608
 636
 888
 347
 263
 207
 344
 340
 355
 355
 905
 596
 335
 355
 346
 420
 228
 566
 561
 724
1147
 635
 660
 406
1742
 305
 276
 465
 331
 586
 558
 460
 731
 402
1031
 347
 300
 226
 334
 585
 613
1073
 603
 518
 349
 354
 473
 550
1092
 807
 867
 166
 328
 332
 380
 586
 312
 449
 573
 611
 554
 565
 927
 554
 523
 406
 876
 305
 333
 381
 302
 968
 393
 592
 587
 306
 818
 252
 382
 433
 631
 412
 618
1126
 652
 217
 290
 304
 395
 384
1151
 663
 658
 691
 416
 223
 315
 589
 428
 222
 363
 513
 610
 459
 959
 375
 245
 328
 326
 392
 690
 937
 701
 351
 513
 288
 347
 363
 809
 590
 448
 430
 624
 365
 480
 486
 321
 441
 408
 834
 616
 623
 860
 372
 235
 305
 448
 612
 657
 908
 610
 646
 536
 310
 398
 464
 515
 372
 386
 450
 668
 604
 460
 471
 385
 254
 378
 590
 701
 542
 956
 609
 667
 586
 576
 312
 303
 638
 307
 698
 439
 709
 647
 519
 736
 325
 371
 333
 259
 362
 487
 826
 605
 214
 593
 325
 349
 533
 988
 584
 624
 215
 392
 291
 486
 501
 332
 832
 754
 597
 589
 729
 783
 547
 563
 286
 628
 510
 470
 334
 326
 769
 511
 898
 596
 312
 493
 433
 377
 421
 624
 389
 516
1023
 665
 224
 393
 450
 478
 745
 882
 713
 625
 612
 780
 345
 324
 521
 369
 382
 244
 520
 605
 575
1017
 238
 500
 268
 280
 341
 895
 832
 610
 253
 442
 338
 385
 433
1044
 994
 670
 325
 527
 496
 381
 452
 309
 506
1597
 914
 538
 704
 611
 687
 290
 414
 637
 472
 709
 494
 370
 383
 440
 399
 352
 340
 371
 270
 249
 423
 704
 587
 710
 687
 892
 422
 256
 326
 384
 465
1065
 552
 983
 392
 692
 348
 410
1775
 312
 754
 631
 831
 461
 401
 874
 386
 431
 226
 348
 601
 375
 964
 722
 565
 456
 530
 312
 566
1408
 556
 576
 320
 396
 280
 265
 523
 359
 618
 701
 613
 666
 687
 918
 556
 625
 205
 372
 256
 393
1022
 548
 401
 869
 270
 528
 701
 616
 526
 720
 235
 319
 260
 316
 873
 584
 522
 499
 460
 345
 474
1112
 555
 693
 142
 336
 363
 525
 505
 369
 711
 700
 585
 568
 351
 928
 563
 595
 263
 376
 245
 312
 922
 707
 571
 450
 686
 773
 286
 396
 595
 770
 436
 550
 338
 307
 621
 413
 435
 309
 529
 599
 278
1176
 324
 381
 373
 397
 470
 555
 482
 472
 268
 308
 295
 286
 439
1147
 337
 667
 524
 995
 396
 492
 505
 368
 358
 208
 442
 645
 368
 911
 698
 397
 474
 318
 554
 311
 776
1024
 643
 653
 379
 381
 579
1194
 698
 972
 370
 632
 391
 266
 547
 333
 343
 328
 737
 645
 504
 876
 681
 539
 409
 936
 546
 819
 468
 332
 279
 208
 336
 393
 413
1077
 532
 683
 843
 599
 537
 631
 480
 407
 504
 323
 775
 647
 240
 800
 274
 295
3676
 605
 745
 741
 848
 632
 235
 327
 346
 359
 584
 870
 571
 697
 417
 560
 420
 328
 340
 399
 763
 372
 525
 594
 704
 722
 296
 432
 573
 572
 674
 423
 943
 734
 414
 372
 346
 344
 501
1147
 713
 760
 577
 737
 269
 271
 271
 545
 349
 311
 695
 628
 569
1022
 613
 672
 393
 532
 724
 601
 921
 634
 263
 214
 807
 639
 365
 825
 341
 359
 221
 333
 378
 547
1048
 394
 528
 403
 353
 367
 392
 908
 688
 616
 286
 358
 267
 266
 693
 386
 443
 653
 564
 639
 342
 931
 624
 574
 258
 374
 404
 323
2988
 553
 400
 377
 329
 897
 746
 722
 570
 531
 213
 400
 316
 304
 894
 429
 541
 452
 377
 327
 423
 998
 761
 578
 457
 803
 342
 268
 737
 353
 232
 394
 582
 626
 580
 872
 838
 535
 238
 354
 213
 224
1194
 642
 687
 707
 579
 575
 236
 678
 419
 397
 401
 608
 289
 578
 912
 630
 756
1838
 434
 393
 313
1452
 569
 557
 259
 397
 423
 316
 436
 369
 687
 692
 613
 687
 528
 983
 685
 783
 286
 441
 197
 438
 389
 401
 563
 589
 509
 651
 599
 662
 509
 704
 315
 382
 506
 251
 924
 692
 777
 695
 471
 332
 375
1297
 715
 511
 427
 652
 294
 365
 506
 413
 221
 276
 643
 707
 596
 773
 703
 663
 208
 351
 264
 400
1461
 691
 534
 460
 526
 633
 362
 372
 355
 432
 602
 606
 410
 477
1084
 688
 499
 358
 462
 351
 497
 899
 593
 523
 237
 369
 382
 311
 899
 669
 264
 786
 266
 361
 373
 977
 533
 709
 563
 590
 310
 322
 572
 358
 384
 680
 564
 647
 338
 930
 817
 586
 249
 415
 303
 362
 970
 602
 478
 432
 424
 296
 362
1065
 907
 567
 254
 378
 299
 257
 724
 823
 608
 558
 283
 409
 236
 588
 616
 809
 540
 606
 214
 346
 807
 345
 529
1155
 641
 674
 676
 759
 574
 614
 354
 368
 201
 195
 923
 530
 552
 386
 230
 350
 428
1119
 577
 589
 425
 487
 217
 439
 313
 369
 597
 525
 705
 570
 292
 335
 302
 283
 452
 614
 465
 495
 792
 590
 340
 240
 264
 430
 669
1306
 494
 607
 421
 635
 396
 568
 319
 344
 331
 253
 520
 625
 588
1206
 525
 625
 256
 406
 211
 330
 828
 676
 388
 583
 270
 259
 405
 955
 868
 624
 227
 352
 212
 262
 267
 413
 430
 598
 410
 656
 397
 730
 766
 608
 395
 401
 323
 364
 913
 611
1121
 418
 641
 548
 249
 635
 248
 338
 432
 603
 407
 448
 838
 646
 447
 640
 292
 228
 264
 474
 681
 724
 373
 621
 594
 433
 990
 652
 488
 294
 282
 354
 486
 810
 529
 396
 337
 641
 348
 249
 318
 283
 599
 804
 836
 617
 546
 965
 538
 732
 173
 337
 207
 341
 970
 601
 803
1381
 298
 361
 286
 537
 884
 656
 308
 904
 353
 406
 929
 555
 295
 261
 272
 371
 389
1287
 483
 584
 378
 628
 260
 408
 329
 361
 532
 317
 695
 569
 540
 858
 881
 542
 206
 325
 312
 433
 967
 874
 610
 581
 709
 640
 217
 379
 298
 380
 242
 452
 547
 800
 981
 625
 416
 613
1879
 587
 371
 714
 575
 650
 271
 381
 187
 325
 443
 410
 587
 635
 693
 557
 543
1189
 228
 269
 405
 668
 406
 572
 551
 515
 225
 424
 269
 264
 641
 432
 686
 659
 420
 552
 319
 205
 718
 298
 386
 387
 515
 579
 435
 749
 543
 606
 214
 453
 334
 239
 941
 544
 711
 449
 274
 306
 402
1518
 710
 558
 441
 634
 284
 361
 510
 566
 575
 408
 567
 693
 395
1148
 311
 524
 216
 368
 481
 367
 976
 612
 269
 320
 328
 297
 476
 934
 690
 627
 410
 641
 458
 565
 500
 386
 353
 289
 722
 641
 391
1035
 250
 354
 208
 303
 607
 889
 578
 611
 397
 716
 358
 284
 276
 685
 622
 826
 309
 477
 605
 349
 698
 475
 466
 713
 644
 458
 506
1039
 641
 582
 287
 448
 328
 327
1263
 687
 512
 449
 281
 286
 468
 846
 719
 519
 584
 673
 255
 605
 508
 442
 549
 473
1175
 592
 359
 311
 359
 496
 437
 620
 458
 557
 930
 653
 422
 456
 284
 240
 913
 986
1005
 646
 507
 708
 368
 584
 370
 286
 496
 345
 379
 770
 389
1053
 836
 461
 374
 397
 261
 340
 939
 484
 562
 357
 292
 370
 463
 906
 756
1569
 279
 486
 363
 338
 590
 480
 404
 768
 681
 561
 594
 941
 534
 684
 194
 462
 251
 421
 839
 542
 453
 533
 229
 705
 373
 397
 706
 619
 433
 658
 425
 481
 330
 358
 488
 503
 787
 689
 441
1422
 339
 257
 182
 336
 607
 575
 603
 593
 372
 540
 322
 302
 462
1000
 397
 783
 454
 668
 375
 225
 451
 366
 445
 631
 679
 568
 796
 774
 616
 512
 264
 398
 241
 272
1179
 618
 439
 766
 470
 417
 448
1655
 779
 671
 334
 323
 359
 402
 392
 500
 744
 582
 700
 714
 529
 993
 544
 946
 355
 410
 442
 480
 452
 364
 469
1038
 610
 629
 787
 720
 666
 577
 427
 292
 380
 353
1514
 450
 536
 374
 252
 345
 468
1186
 409
 403
 387
 653
 238
 197
 481
 471
 350
 257
 697
 654
 381
 983
 751
 923
 367
 308
 229
 337
 511
 358
 296
 631
 373
 729
 405
 988
 650
 641
 251
 367
 299
 346
 920
 401
 509
 502
 371
 374
 585
 963
 684
 548
 671
 682
 255
 213
 435
 332
 515
 385
 601
 663
 381
 981
 349
 474
 296
 363
 423
 243
1004
 585
 589
 537
 621
 485
 234
 527
 342
 388
 387
 991
 416
 891
 970
 656
 475
 465
 300
 572
 501
 795
 605
 795
 358
 615
 262
 523
 546
 371
 637
 438
 863
 563
 334
 398
 357
 303
 699
 629
 452
 606
 683
 629
 446
 316
 332
 285
 616
 855
 701
 665
 340
 676
 389
 301
 690
 286
 418
 518
 504
 634
 442
 902
 575
 579
 384
 322
 228
 548
 880
 553
 366
 391
 420
 367
 324
 562
 546
 366
 440
 643
 350
 225
 435
 375
 416
 515
 564
 550
 361
 906
 556
 579
 270
 345
 239
 329
 806
 375
 393
 679
 567
 608
 699
 896
 614
 638
 195
 399
 222
 353
 951
 675
 637
 527
 261
 340
 196
 507
 553
 659
 702
 714
 224
 373
 318
 477
 399
 613
 845
 603
 391
 801
 684
 689
 288
 457
 212
 278
 681
 652
 688
 374
 437
 240
 193
 467
 596
 681
 386
 439
 546
 359
 423
 340
 405
 441
 618
 595
 418
 909
 280
 337
 243
 330
 370
 675
1256
 616
 242
 280
 371
 331
 404
1132
 525
 445
 464
 544
 227
 245
 450
 598
 407
 611
 718
 628
 416
 818
1013
 623
 255
 357
 387
 314
1239
 737
 452
 468
 415
 309
 365
1158
 499
 585
 256
 428
 230
 362
 428
 338
 981
 389
 525
 546
 404
1126
 518
 931
 491
 436
 194
 228
 366
 350
 595
 496
 685
 572
 678
 928
 521
1031
 215
 208
 287
 276
 750
 569
 460
 564
 339
 396
 533
 833
 704
 670
 412
 912
 250
 204
 353
 280
 575
 506
 679
 647
 364
 889
 562
 636
 472
 345
 274
 243
 219
 285
 611
 332
1729
 599
 452
 926
 618
 783
 221
 336
 363
 361
 926
 687
 454
 969
 347
 293
 750
 778
 564
 580
 489
 721
 223
 251
 961
 503
 328
 987
 640
 425
 569
 672
1666
 514
 234
 510
 347
 200
 300
 272
 420
 389
 583
 703
 359
 717
 982
 465
 232
 335
 245
 416
 985
 736
 516
 905
 337
 423
 406
 773
 604
 730
 407
 544
 329
 295
 313
 307
 465
 479
 542
 645
 417
 742
 318
 276
 223
 422
 296
 259
 987
 551
 531
 442
 445
2327
 264
 512
 331
 288
 328
 577
 440
 651
 805
 648
 391
 394
 298
 359
 412
 784
 550
 676
 320
 202
 497
 260
 340
 323
 203
 296
 506
 561
 917
 907
 430
 389
 251
 397
 342
 432
 446
 349
 739
 406
 218
 507
 360
 306
 353
 427
 422
 593
 542
 412
 763
 358
 376
 328
 343
 435
 399
 620
 565
 425
 398
 340
 202
 483
 497
 415
 293
 314
 873
 662
 818
 893
 309
 403
 258
 374
 249
 240
 899
 264
 439
 611
 477
 649
 217
 461
 244
 371
 192
 397
 577
 698
 773
 620
 210
 299
 339
 375
 347
 542
 570
 646
 371
 619
 355
 330
 377
 356
 242
 455
 622
 617
 264
 644
 331
 567
 276
 326
 536
 575
 938
 581
 230
 407
 265
 348
 262
 395
 568
 568
 315
 546
 357
 305
 380
 376
 265
 226
 703
 665
 444
 774
 349
 417
 238
 322
 221
 260
1012
 705
 514
 415
 433
 313
 423
 478
 335
 342
 370
 434
 543
 393
 516
 481
 212
 298
 250
 344
 700
 970
 491
 617
 255
 404
 207
 215
 507
 345
 350
 308
 392
 597
 566
 858
 258
 393
 268
 443
 318
 681
 428
 355
 199
 276
 589
 557
 211
1302
 252
 273
 480
 666
 358
 445
 388
 461
 388
 208
 509
 600
 227
 545
 438
 333
 403
 566
 603
 625
 937
 378
 483
 358
 487
 351
 272
 523
 748
 595
 379
 601
 583
 679
1407
 397
 291
 221
 271
 388
 614
 900
 625
 578
 382
 375
 353
 332
 392
 352
1295
1569
 319
 474
 593
1112
 195
 323
 309
 547
 324
 372
 320
 467
 271
 704
 715
 264
 274
 333
 267
 362
 498
 830
 665
 499
 277
 328
 565
 221
 522
 406
 973
 929
 427
 442
 173
 334
 263
 302
 559
 239
 287
 269
 393
 655
 381
 699
 362
 322
 230
 231
 271
 249
 591
 528
 516
 426
 341
 354
 205
 411
 217
 392
 391
 574
 537
 488
 435
 257
 255
 230
 320
 377
 306
 329
 711
 614
 442
 688
 188
 201
 325
 279
 609
 200
 268
 214
 551
 891
 336
 261
 247
 220
 392
 681
 358
 415
 283
 211
 426
 534
 235
 362
 317
 425
 437
 414
 438
 407
 353
 449
 236
 444
 587
1294
 460
 378
 466
 362
 393
 480
 358
 408
 738
 426
 227
 388
 208
 326
 385
 907
 497
 626
 228
 365
 222
 310
 474
 395
 253
 205
 614
 580
 557
2041
 339
 284
 341
 329
 438
 246
 813
 669
 833
3400
 470
 345
 240
 340
 336
 243
 348
 247
 449
 395
 692
 329
 516
 259
 224
 284
 443
 718
 584
 428
 230
 219
 251
 399
 389
 215
 518
 410
 920
 589
 345
 391
 573
 363
 198
 280
 559
 617
 881
 655
 318
 513
 405
 295
 316
 429
 405
 401
 473
 531
 576
 508
 486
 400
 268
 394
 460
 371
 456
 433
 612
 525
 481
 446
 579
 472
 695
 280
 251
 233
 347
 338
 219
 829
 404
 472
 386
 514
 298
 354
 420
 361
 218
 254
 508
 623
 701
 999
 306
 343
 329
 381
 496
 373
 673
 305
 321
 239
 399
 538
 305
 620
 334
 477
 613
 665
 601
 513
 389
 212
 270
 384
 191
 544
 718
 711
 645
 521
 232
 245
 335
 341
 449
 215
 303
 214
 401
 414
 520
 684
 324
 255
 490
 257
 389
 545
 846
 772
 390
 309
 302
 377
 229
 397
 272
 244
 446
 630
 225
 276
 418
 398
 678
 378
 362
 279
 223
 724
 609
 809
 230
 402
 300
 283
 896
1455
 404
 526
 541
 252
 465
 568
 425
 477
 265
 356
 242
 240
 934
 823
 417
 424
 312
 361
 997
1203
 450
 634
 353
 300
 347
 269
 390
 304
 316
 275
 483
 656
 364
1246
 250
 383
 265
 359
 352
 332
 319
 343
 663
 386
 413
 576
 542
 890
 331
 323
 281
 362
 367
 287
 470
 304
 639
 358
 290
 343
 346
 523
 406
 368
 655
 555
 545
 611
 498
 219
 223
 628
 344
 267
1314
2434
 456
 352
 484
 536
 370
 267
 508
 318
 582
 609
 699
 494
 447
 390
 596
 330
 212
 461
 462
 365
 615
 389
 283
 371
 215
 393
 339
 353
 523
 444
 558
 413
 208
 347
1254
 272
 296
 331
 303
 424
 580
 737
 599
 589
 302
 384
 207
 215
 437
 450
 382
 374
 299
 359
1034
 740
 562
 586
 356
 327
 356
 236
 554
 328
 321
 205
 427
 687
 545
 801
 430
 416
 284
 288
 365
 522
 435
 384
 217
 414
 617
 587
 409
 468
 285
 407
 443
 635
 511
 582
 466
 322
 254
 172
 395
 313
 350
 372
 413
 509
 343
 412
4300
 678
 500
 373
 325
 219
 203
 334
 589
 725
 506
 488
 196
 418
 277
 425
 460
 588
 390
 216
 547
 511
 412
 297
 236
 438
 441
 421
 535
 433
 942
 561
 273
 264
 403
 372
 256
 580
 381
 474
 421
 762
 303
 296
 740
 381
 428
 385
 592
 631
 487
 803
 385
 315
 222
 251
 343
 437
 695
 366
 572
 760
 342
 289
 342
 436
 316
 518
 189
 253
 474
 740
1165
 555
 251
 310
 290
 287
 268
 424
 576
 631
 528
 676
 389
 389
 381
 390
 548
 212
 543
 597
 575
 505
 272
 319
 331
 266
 343
 366
 964
 573
 243
 241
 543
 392
1364
 755
 534
 592
 269
 329
 406
 305
 480
 586
 525
 422
 613
 607
 264
 541
 264
 339
 434
 242
 614
 606
 978
 574
 272
 195
 276
 354
 381
 523
 618
 642
 562
 656
 276
 375
 421
 404
 231
 295
 538
 675
 495
 656
 308
 341
 317
 279
 193
 314
 660
 575
 492
 390
 194
 275
 308
 349
 334
 235
 308
 238
 208
 382
 853
 595
 614
 425
 299
 239
 654
 488
 387
 688
 287
 252
 381
 244
 820
 881
 350
 250
 475
 283
 685
 630
 420
 458
 216
 424
 368
 241
 958
 329
 677
 517
 585
 542
 266
 544
 374
 295
 162
 347
 994
 791
 943
 448
 210
 403
 231
 232
 220
 429
 728
 640
 435
 582
 463
 246
 356
 365
 395
 321
 742
 371
 271
 316
 464
 323
 255
 441
 554
 468
1019
 595
 274
 323
 285
 319
 251
 398
 285
 332
 398
 661
 419
 469
 290
 387
 356
 221
 766
 647
 357
 381
 296
 315
 364
 556
 519
 359
 779
 349
 318
 353
 371
 323
 256
 686
 650
 619
 600
 582
 555
 694
 322
 323
 459
 250
 242
 343
 477
 535
 702
 562
 369
 506
 582
 566
 442
 265
 299
 203
 390
 367
 381
 445
 555
 544
 399
 388
 334
 320
 391
 331
 351
 588
 519
 897
 348
 341
 400
 372
 399
 295
 518
 731
 854
 625
 311
 395
 404
 393
 203
 586
 644
 533
 380
 547
 434
 449
 285
 307
 375
 266
 477
 740
 506
 619
 402
 439
 222
 268
 224
 212
1067
 574
 584
 433
 420
 265
 276
 491
 288
 538
 226
 507
 686
 915
 876
 657
 353
 284
 404
 362
 260
 355
 909
 661
 213
 379
 314
 367
 431
 194
 641
 234
 545
 756
 472
 760
 388
 266
 330
 358
 395
 720
 712
 645
 285
 292
1594
 314
 249
 413
 570
 487
 402
 540
 269
 254
 332
 366
 215
 327
1310
 680
 472
1033
 249
 596
 269
 288
 566
 365
1253
 580
 203
 423
 301
 269
 278
 307
 489
 618
 364
1259
 382
 252
 487
 367
 398
 384
 598
 641
 540
 809
 304
 365
 261
 378
 333
 191
 440
 238
 197
 218
 574
 821
 369
 497
 345
 284
 550
 491
 574
 705
 618
 426
 406
 224
 529
1204
 328
 345
 371
 327
 477
 677
 550
 624
 200
 314
 330
 474
 357
 381
 359
 315
 587
 481
 503
 541
 591
 508
 560
 263
 243
 294
 266
 319
 538
1061
 517
 510
 195
 361
 285
 313
 431
 341
 306
 192
 573
 606
 581
1035
 364
 464
 343
 368
 420
 459
 426
 156
 414
 390
 271
 186
 199
 485
 232
 555
 419
 398
 577
 405
 962
 356
 260
 262
 226
 221
 367
 855
 397
 556
 347
 306
 206
 292
 278
 278
 217
 358
 536
 394
 428
 815
 224
 616
 240
 273
 285
 366
 643
 462
 350
 649
 215
 257
 262
 992
 265
 259
 425
 822
 749
 468
 266
 311
 259
 243
 262
 251
 267
 445
 466
 468
 320
 614
 347
 221
 457
 396
 343
 264
 237
 382
 380
 786
 300
 335
 332
 386
 510
 678
 409
 384
 330
 299
 721
 580
 319
 517
 196
 486
 639
 777
 577
 581
 316
 302
 438
 303
 783
 519
 311
 331
 327
 279
 498
 620
 557
 539
 503
 359
 293
 246
 302
 324
 481
 647
 860
 621
 375
 339
 344
 426
 501
 376
1132
 564
 548
 577
 349
 448
 365
 452
 382
 199
 706
 452
 497
 564
 313
 301
 548
 395
 237
 551
 269
 380
 445
 483
 251
 482
 765
 430
 595
 560
 606
 535
 426
 624
 161
 527
 289
 244
 235
 272
 959
 644
 545
 551
 311
 362
 322
 361
 554
 648
 282
 376
 232
 280
 407
 345
 363
 410
 525
 608
 672
 729
1745
 576
 238
 361
 267
 421
 335
 304
 291
 163
 749
 574
 546
 850
 504
 581
 332
 409
 351
 276
 385
 400
 442
 265
 580
 635
 330
 387
 381
 365
 302
 344
 397
 573
5541
 528
 260
 348
 366
 354
 332
 491
 430
 771
 348
 832
 247
 378
 301
 277
 254
 271
 394
 752
 634
 790
 262
 266
 209
 384
 202
 424
 599
 644
 514
 418
 259
 358
 197
 282
 390
 469
 564
 547
1350
 654
 643
 386
 341
 278
 333
 392
 297
 559
 567
 618
 399
 514
 367
 319
 598
 251
 334
 230
 536
 578
 688
1116
 266
 339
 269
 369
 354
 411
 241
 534
 296
 324
 542
 562
 569
1062
 257
 400
 263
 316
 355
 519
 523
 355
 331
 222
 586
 506
 314
 674
 381
 310
 767
 654
 577
 415
 469
 272
 288
 209
 230
 350
 641
 785
 708
 563
 258
 318
 345
 379
 536
 323
 473
 680
 449
 582
 298
 672
 430
 268
 395
 354
 696
 729
 880
 630
 318
 247
 296
 296
 510
 359
 561
 482
 330
 334
 251
 370
 420
 466
 271
 219
 741
 467
 798
 899
 229
 439
 216
 221
 421
 263
 737
 613
 416
 470
 255
 203
 398
 382
 370
 307
 268
 354
 590
 559
1145
 700
 313
 528
 319
 356
 318
 348
 556
 540
 608
 637
 353
 254
 330
 373
 505
 256
 643
 876
 557
 640
 358
 589
 338
 248
 239
 331
 558
 300
 593
 696
 457
 799
 498
 688
 359
 285
 208
 357
 269
 299
 425
 313
 339
 303
 638
 568
 621
 974
 312
 361
 413
 339
 332
 223
 997
 525
 572
 600
 343
 290
 286
 422
 325
 347
 508
 494
 740
 712
 403
 323
 506
 280
 302
 323
 542
 589
 659
 602
 205
 341
 321
 240
 313
 281
 297
 360
 675
 505
 587
 699
 306
 347
 369
 324
 521
 721
 966
 576
 310
 291
 337
 543
 368
 488
 323
 429
 453
 724
 363
 409
 330
 393
 356
 410
 344
 304
 205
 347
 295
 331
 620
 539
 437
 560
 378
 365
 268
 313
 620
 698
 245
 377
 256
 283
 447
 527
 587
 492
 597
 343
 345
 228
 567
 591
 346
 663
 293
 410
 594
 528
 590
 547
 846
 315
 239
 343
 335
 302
 459
 919
 655
 615
 257
 361
 333
 327
 401
 335
 320
 218
 540
 616
 578
 697
 250
 345
 224
 426
 912
 619
 319
 210
 420
 290
 221
 371
 295
 278
 505
 917
 698
 610
 423
 327
 306
 334
 294
 329
 563
 653
 564
 953
 365
 521
 289
 222
 267
 276
 304
 393
 705
 430
 581
 630
 266
 471
 244
 400
 280
 454
 553
 504
 577
 558
 498
 443
 416
 328
 322
 463
 561
 392
 533
 712
 343
 323
 418
 252
 262
 389
 569
 724
 981
1036
 292
 335
 266
 364
 295
 331
 308
 361
 483
 409
1795
 689
 282
 368
 347
 331
 204
 463
 491
 569
 890
 514
 313
 270
 297
 333
 326
 390
 532
 569
 514
 529
 286
 351
 400
 288
 270
 211
 612
 559
 600
 950
 304
 337
 278
 353
 314
 346
 911
 643
 601
 431
 301
 360
 344
 405
 340
 574
 590
 859
 846
 478
 461
 394
 273
 985
 260
 237
 341
 366
 550
 385
 289
 700
 415
 218
 553
 527
 452
 483
 584
 599
 723
 447
 235
 343
 467
 345
 565
 451
 846
 644
 319
 476
 300
 325
 267
 377
1241
 498
 322
 513
 281
 395
 718
1321
 552
 775
 482
 744
 430
 529
 298
 253
 170
 247
 518
 455
 695
 448
 674
 537
 317
 412
 432
 399
 263
 371
 406
 544
 492
 522
 324
 307
 346
 224
 299
 351
 397
 679
 587
 548
 249
 337
 322
 302
 484
 295
 351
 312
 589
 626
 600
 656
 203
 387
 340
 589
 270
 357
 638
 258
 536
 888
 276
 254
 344
 421
 266
 370
 320
 516
 566
 471
 358
 555
 328
 791
 265
 327
 561
 647
 735
 691
 282
 400
 361
 218
 537
 271
 315
 259
 717
 556
 586
1173
 249
 419
 398
 379
 335
 433
 400
 457
 651
 486
 510
 571
 617
 580
 285
 348
 217
 263
 278
 457
 831
 234
 466
 310
 405
 606
 822
1000
 296
 352
 322
 316
 569
 389
 699
 401
 282
 228
 524
 688
 383
 864
 170
 365
 226
 390
 817
 553
 405
 378
 230
 419
 574
 595
 327
 704
 353
 347
 344
 621
 734
1183
 305
 346
 401
 247
 340
 340
 578
 811
 597
 623
 323
 335
 288
 463
 393
 383
 272
 216
 664
 510
 715
 907
 234
 820
 313
 309
 365
 377
 666
 598
 431
 605
 392
 303
 287
 452
 576
 339
 518
 399
 388
 420
 496
 380
 311
 436
 530
 442
 242
 354
 556
 575
 278
 457
 296
 362
 408
 370
 589
 385
 573
 466
 214
 425
 395
 324
 317
 287
 359
 418
 866
 841
 462
 412
 250
 300
 403
 557
 655
 694
 153
 499
 188
 373
 512
 430
 386
 434
 728
1140
 365
 841
 613
 497
 279
 238
 398
 352
 580
 388
 312
 321
 557
 713
 688
1049
 324
 456
 278
 358
 238
 375
 389
 361
 568
 414
 573
 718
 339
 422
 323
 367
 224
 379
 532
 372
 913
 619
 495
 252
 338
 335
 338
 391
 570
 537
 424
 653
 428
 305
 378
 338
 361
 260
 599
 690
 491
 904
 286
 374
 343
 357
 204
 235
1215
 460
 455
 805
 179
 757
 177
 757
 304
 453
 819
 663
 544
 475
 401
 285
 234
 361
 288
 229
 386
1037
 793
 601
 227
 341
 714
 254
 295
 334
 249
 249
 537
 394
 988
 997
 274
 418
 366
 284
 339
 226
 324
 354
 293
 271
 564
 586
 287
 794
 651
 359
 362
 571
 586
 616
 542
 328
 291
 169
 594
 567
 371
 661
 286
 350
 532
 359
 396
 569
 321
 246
 192
 431
 309
 312
 578
 520
 371
 599
 475
 634
 500
 749
 479
 314
 310
 252
 282
 333
 567
 919
 652
 686
 252
 411
 317
 249
 484
 329
 370
 264
 584
 646
 598
 896
 536
 514
 447
 348
 331
 357
 275
 336
 569
 495
 530
 337
 349
 583
 385
 375
 411
 610
 385
 481
 344
 331
 250
 260
 203
 238
 558
 688
 573
 701
 285
 376
 323
 325
 356
 368
 337
 338
 511
 700
 545
 967
 296
 367
 455
 346
 327
 293
 855
 643
 559
 400
 352
 328
 277
 675
 360
 415
 436
