0.000000
1.992125
1.982000
1.973000
1.962875
1.952750
1.943750
1.933625
1.924625
1.914500
1.905500
1.895375
1.884125
1.874000
1.863875
1.854875
1.844750
1.835750
1.825625
1.815500
1.806500
1.796375
1.787375
1.777250
1.766000
1.755875
1.744625
1.734500
1.724375
1.713125
1.703000
1.691750
1.681625
1.671500
1.662500
1.652375
1.643375
1.631000
1.622000
1.611875
1.599500
1.590500
1.580375
1.571375
1.561250
1.552250
1.542125
1.532000
1.523000
1.512875
1.503875
1.500000
1.502250
1.502125
1.499500
1.499250
1.502875
1.501375
1.500000
1.502250
1.502125
1.499500
1.499250
1.502250
1.501000
1.503375
1.500625
1.499500
1.499375
1.499125
1.500250
1.501250
1.502375
1.497875
1.498125
1.502375
1.498875
1.501750
1.501875
1.499875
1.500375
1.498125
1.500875
1.498875
1.501750
1.501875
1.499875
1.500375
1.500625
1.498625
1.502875
1.502125
1.500125
1.500375
1.501125
1.501750
1.499875
1.500375
1.500750
1.498625
1.502875
1.500875
1.500000
1.499125
1.500500
1.501375
1.502000
1.500000
1.501750
1.500875
1.502500
1.499000
1.499500
1.499750
1.499000
1.502000
1.501125
1.499000
1.499500
1.500250
1.500625
1.502500
1.499250
1.499750
1.498000
1.502250
1.501375
1.499500
1.497500
1.500500
1.501125
1.499000
1.501000
1.500250
1.500625
1.499000
1.499250
1.500000
1.501750
1.502250
1.501625
1.499500
1.497750
1.500750
1.501000
1.499250
1.501250
1.500500
1.500875
1.498750
1.499250
1.500000
1.501750
1.499500
1.501375
1.499250
1.501000
1.500500
1.501125
1.499000
1.499500
1.500250
1.500625
1.499000
1.496750
1.497250
1.497750
1.498250
1.500875
1.498750
1.499250
1.499750
1.500250
1.502250
1.502500
1.499250
1.497500
1.498000
1.502250
1.499000
1.499500
1.497750
1.500625
1.499812
1.496938
1.499938
1.500437
1.500937
1.498937
1.498562
1.500188
1.500687
1.499938
1.500687
1.497687
1.499437
1.498813
1.500813
1.497687
1.499938
1.499313
1.502187
1.500188
1.499812
1.499187
1.498688
1.500437
1.499688
1.496938
1.498688
1.500687
1.500188
1.499938
1.499437
1.498562
1.498188
1.501438
1.499187
1.501063
1.497937
1.499938
1.499437
1.498688
1.501938
1.499938
1.499313
1.498688
1.500437
1.500062
1.500687
1.498688
1.500437
1.499812
1.496938
1.499938
1.500437
1.500937
1.498937
1.498562
1.500188
1.500687
1.499938
1.500687
1.497375
1.498125
1.499000
1.499750
1.498125
1.498625
1.499125
1.497375
1.497875
1.498750
1.499250
1.497375
1.500875
1.499250
1.497625
1.498375
1.499250
1.499625
1.500125
1.498375
1.499250
1.497625
1.498375
1.498875
1.500000
1.498375
1.498875
1.499625
1.500125
1.501875
1.498375
1.501500
1.498125
1.500125
1.500750
1.500375
1.498125
1.500125
1.500500
1.501375
1.500875
1.500125
1.501000
1.500375
1.500000
1.500500
1.501375
1.500875
1.500375
1.501125
1.500375
1.500000
1.500500
1.501375
1.500625
1.500125
1.501000
1.500375
1.499750
1.500500
1.501125
1.500750
1.499875
1.500375
1.500750
1.499125
1.500125
1.498250
1.499250
1.500000
1.500875
1.500750
1.497875
1.499000
1.499500
1.498750
1.498250
1.499000
1.497250
1.500125
1.498375
1.500500
1.498750
1.498250
1.500000
1.496750
1.499750
1.500625
1.499000
1.501000
1.500375
1.498750
1.497000
1.500000
1.498375
1.500500
1.501500
1.498625
1.500500
1.497500
1.498250
1.499000
1.499500
1.501500
1.498625
1.500500
1.497250
1.497750
1.501000
1.499250
1.501250
1.497750
1.500875
1.496500
1.499500
1.497750
1.498750
1.499500
1.498000
1.501000
1.496500
1.499500
1.500000
1.500500
1.500250
1.499625
1.501500
1.500500
1.501375
1.499250
1.500000
1.499250
1.498750
1.497000
1.499375
1.499625
1.502375
1.501375
1.501875
1.501250
1.500625
1.501125
1.502500
1.500500
1.501125
1.502625
1.501625
1.503125
1.502125
1.497625
1.500375
1.500875
1.502625
1.501750
1.502000
1.503625
1.497875
1.500750
1.501125
1.502875
1.502250
1.500125
1.500625
1.501000
1.498875
1.499125
1.499625
1.497625
1.501625
1.499375
1.498625
1.501375
1.499375
1.499875
1.500250
1.498500
1.499125
1.499625
1.497875
1.499625
1.500125
1.501750
1.499875
1.499125
1.498375
1.501250
1.502625
1.503125
1.502500
1.500375
1.502125
1.501500
1.502250
1.500125
1.500875
1.498875
1.500375
1.500625
1.502000
1.502500
1.500375
1.500625
1.498875
1.499375
1.499875
1.500375
1.500875
1.501125
1.502875
1.502250
1.500125
1.498125
1.498500
1.499125
1.499625
1.499875
1.500250
1.499625
1.498625
1.499125
1.501875
1.500125
1.500375
1.501125
1.502875
1.503375
1.502500
1.500375
1.500875
1.498875
1.499375
1.499875
1.497875
1.498375
1.498875
1.499375
1.499625
1.499875
1.499125
1.498125
1.501000
1.501500
1.501625
1.502125
1.502375
1.500375
1.498125
1.501000
1.501500
1.500875
1.503625
1.500125
1.498375
1.500125
1.501500
1.501750
1.501875
1.502375
1.497875
1.498125
1.500125
1.501500
1.501875
1.501875
1.502375
1.497875
1.499625
1.500125
1.501500
1.502000
1.503375
1.500125
1.500625
1.498375
1.500375
1.501750
1.502250
1.503625
1.499125
1.498125
1.499875
1.501375
1.501875
1.502375
1.500375
1.500875
1.499125
1.500625
1.500875
1.502250
1.500125
1.500625
1.502375
1.501750
1.503375
1.502375
1.497625
1.500625
1.500875
1.498875
1.499375
1.500875
1.501375
1.500500
1.501000
1.500375
1.500625
1.502250
1.501375
1.497875
1.500750
1.501250
1.501375
1.503375
1.502500
1.500375
1.498375
1.501250
1.501750
1.503375
1.500125
1.500625
1.498875
1.499125
1.499625
1.497625
1.498125
1.501125
1.501500
1.500875
1.501375
1.500500
1.501000
1.500375
1.503125
1.502125
1.503625
1.497625
1.498125
1.500875
1.498875
1.499125
1.499625
1.499875
1.499125
1.498125
1.501000
1.500375
1.503125
1.502250
1.503625
1.497625
1.498125
1.501125
1.499125
1.499625
1.500125
1.498000
1.498625
1.499125
1.501875
1.499875
1.501375
1.501375
1.501375
1.501375
1.501375
1.501375
1.501375
1.501375
1.501375
1.501375
1.501375
1.501375
1.501375
1.501375
1.501375
1.501375
1.501375
1.501375
1.501375
1.501375
1.501375
1.501375
1.501375
1.501375
1.501375
1.501375
1.501375
1.501375
1.501375
1.501375
1.501375
1.501375
1.501375
1.501375
1.501375
1.501375
1.501375
1.501375
1.501375
1.501375
1.501375
1.501375
1.501375
1.501375
1.501375
1.501375
1.501375
1.501375
1.501375
1.501375
1.501375
1.501375
1.501375
1.501375
1.501375
1.501375
1.501375
1.501375
1.501375
1.501375
1.501375
1.501375
1.501375
1.501375
1.501375
1.501375
1.501375
1.501375
1.501375
1.501375
1.501375
1.501375
1.501375
1.501375
1.501375
1.501375
1.501375
1.501375
1.501375
1.501375
1.501375
1.501375
1.501375
1.501375
1.501375
1.501375
1.501375
1.501375
1.501375
1.501375
1.501375
1.501375
1.501375
1.501375
1.501375
1.501375
1.501375
1.501375
1.501375
1.501375
1.501375
1.501375
1.501375
1.501375
1.501375
1.501375
1.501375
1.501375
1.501375
1.501375
1.501375
1.501375
1.501375
1.501375
1.501375
1.501375
1.501375
1.501375
1.501375
1.501375
1.501375
1.501375
1.501375
1.501375
1.501375
1.501375
1.501375
1.501375
1.501375
1.501375
1.501375
1.501375
1.501375
1.501375
1.501375
1.501375
1.501375
1.501375
1.501375
1.501375
1.501375
1.501375
1.501375
1.501375
1.501375
1.501375
1.501375
1.501375
1.501375
1.501375
1.501375
1.501375
1.501375
1.501375
1.501375
1.501375
1.501375
1.501375
1.501375
1.501375
1.501375
1.501375
1.501375
1.501375
1.501375
1.501375
1.501375
1.501375
1.501375
1.501375
1.501375
1.501375
1.501375
1.501375
1.501375
1.501375
1.501375
1.501375
1.501375
1.501375
1.501375
1.501375
1.501375
1.501375
1.501375
1.501375
1.501375
1.501375
1.501375
1.501375
1.501375
1.501375
1.501375
1.501375
1.501375
1.501375
1.501375
1.501375
1.501375
1.501375
1.501375
1.501375
1.501375
1.501375
1.501375
1.501375
1.501375
1.501375
1.501375
1.501375
1.501375
1.501375
1.501375
1.501375
1.501375
1.501375
1.501375
1.501375
1.501375
1.501375
1.501375
1.501375
1.501375
1.501375
1.501375
1.501375
1.501375
1.501375
1.501375
1.501375
1.501375
1.501375
1.501375
1.501375
1.501375
1.501375
1.501375
1.501375
1.501375
1.501375
1.501375
1.501375
1.501375
1.501375
1.501375
1.501375
1.501375
1.501375
1.501375
1.501375
1.501375
1.501375
1.501375
1.501375
1.501375
1.501375
1.501375
1.501375
1.501375
1.501375
1.501375
1.501375
1.501375
1.501375
1.501375
1.501375
1.501375
1.501375
1.501375
1.501375
1.501375
1.501375
1.501375
1.501375
1.501375
1.501375
1.501375
1.501375
1.501375
1.501375
1.501375
1.501375
1.501375
1.501375
1.501375
1.501375
1.501375
1.501375
1.501375
1.501375
1.501375
1.501375
1.501375
1.501375
1.501375
1.501375
1.501375
1.501375
1.501375
1.501375
1.501375
1.501375
1.501375
1.501375
1.501375
