0.000000
20.084597
20.166830
20.249266
20.331896
20.414734
20.497768
20.581013
20.664461
20.748117
20.831987
20.916061
21.000357
21.084955
21.169779
21.254818
21.340076
21.425560
21.511261
21.597193
21.683346
21.769732
21.856346
21.943192
22.030287
22.117712
22.205387
22.293402
22.381668
22.470201
22.559074
22.648214
22.737707
22.827461
22.917465
23.007734
23.098265
23.189119
23.280308
23.371759
23.463581
23.555708
23.648119
23.740807
23.833776
23.927038
24.020578
24.114420
24.208546
24.302973
24.397697
24.478239
24.558256
24.637611
24.722549
24.800837
24.872091
24.952368
25.028883
25.104837
25.180159
25.261990
25.336296
25.402716
25.468473
25.533646
25.605816
25.669859
25.737255
25.800144
25.862453
25.920050
25.981167
26.005510
26.007973
25.993479
26.008793
25.994305
25.992298
25.994780
26.006273
26.008766
25.993931
26.009581
25.995083
25.993069
25.995544
26.007030
25.992203
26.003716
25.998247
25.992020
25.994516
25.996998
26.000145
26.003019
26.001341
26.004177
25.993843
26.005047
25.999561
26.002048
26.004538
26.007019
25.996653
25.991163
25.998867
25.997187
26.004854
25.998987
25.993156
26.004309
26.007460
26.005749
26.004423
26.007561
25.992699
25.995543
25.998739
26.001886
25.996397
25.999584
25.997911
26.005589
26.012930
26.003271
25.997442
26.000248
26.007627
26.006634
25.992111
25.994959
25.998480
26.001324
25.995838
26.007683
25.992823
26.005013
25.999537
25.993706
25.996885
26.012905
26.007080
26.006094
26.000256
25.994434
25.997961
26.000809
25.995331
25.993685
25.992361
26.004555
25.999086
26.001572
25.991581
25.998537
25.993061
26.004938
25.999424
25.993250
25.996471
26.008623
25.994131
26.005993
26.008451
26.002619
26.009941
26.013083
25.989538
25.996515
25.999660
26.002844
26.006014
26.000483
25.994678
25.997513
26.004818
26.008011
25.998352
25.992136
25.995327
26.011690
25.992996
25.996180
26.012867
26.003176
25.998400
25.992889
25.996428
26.008955
26.003454
25.998676
26.001833
25.997057
26.000175
25.999210
26.007603
25.998281
25.996916
26.000738
25.995275
25.999163
25.989157
26.006189
25.996513
26.004541
25.999405
25.994267
26.011309
25.997461
25.996809
26.000664
26.000397
25.999392
25.998081
26.006462
26.001581
26.004442
25.994759
26.002436
25.997271
26.005243
26.004280
25.999462
25.993963
25.997478
26.000980
25.995852
26.008371
25.994181
26.002235
25.992559
25.996105
26.012791
26.003101
25.998327
25.992817
25.996357
26.008884
26.003384
25.998606
26.001766
25.996988
26.000107
26.003981
26.008169
26.003017
26.006529
26.001368
25.996223
26.009111
26.003956
26.008177
26.003025
26.006552
25.997561
26.005589
26.009069
26.003912
26.008102
26.002615
25.997488
25.996834
26.005533
26.009016
26.003859
25.998695
26.002890
26.006401
25.992195
25.996069
25.999922
26.004133
26.006971
25.997988
26.005341
26.000519
25.991549
25.999546
26.002760
25.997972
25.992479
25.992201
26.000198
25.995413
25.994741
25.993757
25.997616
25.992458
25.992182
26.000179
25.995394
25.994722
25.993740
25.997599
25.992441
25.992165
26.000164
25.995377
25.994707
25.993723
25.997583
25.988279
25.992149
26.000847
25.995722
25.995432
25.994810
25.999016
25.994558
26.002596
25.998121
25.998158
25.989168
25.997894
25.988539
25.997648
25.988665
26.005754
26.000916
26.000639
26.000351
25.991388
26.008442
25.994963
26.007851
25.994026
25.998260
26.001789
25.997349
25.988359
25.996750
26.000940
25.991648
25.995850
26.004583
26.000105
26.004337
25.999849
26.004383
26.008236
25.994761
26.007309
25.993813
25.998390
25.989424
25.998169
26.002026
25.997574
26.001085
26.004982
25.992188
25.991549
26.000265
25.994776
25.994835
26.002499
25.998045
26.001871
26.001921
25.992920
25.996780
25.992313
26.004522
26.000040
26.003935
25.994974
25.994686
25.998550
25.994097
25.997610
25.988617
26.005318
25.991817
26.004370
25.999552
26.003410
26.011442
26.004921
26.007418
25.996408
25.998865
26.001335
26.003832
26.006323
25.999783
25.993267
26.000317
26.007311
25.996279
25.994297
25.996449
26.007263
25.996572
25.999130
26.006124
25.999598
25.993095
25.995590
26.001913
26.000593
25.998636
26.005632
26.008106
25.997135
25.999689
25.997675
26.008854
26.002359
26.004850
26.011480
25.992123
26.002985
26.001026
26.012505
26.005983
26.008480
26.006456
26.008913
26.002760
26.005234
26.007698
26.001528
26.004080
26.006546
26.004499
26.002504
26.000549
25.999245
25.992743
25.995230
25.997711
25.999823
25.993670
25.996153
26.007618
25.996565
25.994951
26.010660
26.008610
26.002108
25.995602
25.998091
26.000198
25.993755
26.009462
26.011929
26.001228
26.003736
26.006279
25.999760
25.993589
25.996086
25.998222
26.004869
26.002916
26.009926
26.012373
26.005863
26.003862
26.006340
26.004364
26.006886
26.009367
26.011848
25.992157
26.003714
25.997553
26.000019
25.993526
25.995672
25.998135
26.000645
26.003136
26.005632
26.012272
26.001572
26.004072
26.006561
26.013186
26.006687
26.004688
26.002726
25.992405
25.994961
25.997107
25.999580
25.993073
25.999741
26.010599
26.000254
26.002748
26.005247
26.007711
26.000828
26.003380
26.006247
25.999702
25.993198
25.995358
25.997847
26.008638
26.002178
26.005045
25.998510
25.996481
25.994148
25.996649
26.007448
26.001280
26.003834
25.997311
25.999784
25.993280
25.995415
26.006956
26.000469
26.003347
25.996830
25.999308
25.992807
26.003653
26.005823
26.008663
25.993511
25.996019
25.998497
26.005121
25.994490
26.010187
26.008142
26.001646
25.995146
25.997288
25.999737
25.993567
25.996063
25.998543
26.000662
26.002510
26.000845
25.994705
26.005896
26.008408
26.006378
26.008846
26.002333
26.004812
26.007294
26.000769
26.003260
25.996727
26.003056
25.992729
25.995283
25.997425
26.000223
25.993742
25.995884
26.002550
25.992231
25.994751
25.997244
25.999346
26.001867
26.004417
26.011065
26.000364
26.007042
26.009518
26.007814
26.001652
26.004145
26.006634
26.000082
26.002577
26.005075
26.007544
25.996511
25.994530
26.005009
26.007465
25.996775
26.003487
26.010138
26.012611
26.006104
26.004097
26.002140
26.000818
26.003332
26.005816
25.999290
25.992792
26.003284
26.005754
26.004059
26.006557
26.009048
26.011532
26.000488
26.007494
26.009991
26.012445
26.005926
26.003908
26.003908
26.003908
26.003908
26.003908
26.003908
26.003908
26.003908
26.003908
26.003908
26.003908
26.003908
26.003908
26.003908
26.003908
26.003908
26.003908
26.003908
26.003908
26.003908
26.003908
26.003908
26.003908
26.003908
26.003908
26.003908
26.003908
26.003908
26.003908
26.003908
26.003908
26.003908
26.003908
26.003908
26.003908
26.003908
26.003908
26.003908
26.003908
26.003908
26.003908
26.003908
26.003908
26.003908
26.003908
26.003908
26.003908
26.003908
26.003908
26.003908
26.003908
26.003908
26.003908
26.003908
26.003908
26.003908
26.003908
26.003908
26.003908
26.003908
26.003908
26.003908
26.003908
26.003908
26.003908
26.003908
26.003908
26.003908
26.003908
26.003908
26.003908
26.003908
26.003908
26.003908
26.003908
26.003908
26.003908
26.003908
26.003908
26.003908
26.003908
26.003908
26.003908
26.003908
26.003908
26.003908
26.003908
26.003908
26.003908
26.003908
26.003908
26.003908
26.003908
26.003908
26.003908
26.003908
26.003908
26.003908
26.003908
26.003908
26.003908
26.003908
26.003908
26.003908
26.003908
26.003908
26.003908
26.003908
26.003908
26.003908
26.003908
26.003908
26.003908
26.003908
26.003908
26.003908
26.003908
26.003908
26.003908
26.003908
26.003908
26.003908
26.003908
26.003908
26.003908
26.003908
26.003908
26.003908
26.003908
26.003908
26.003908
26.003908
26.003908
26.003908
26.003908
26.003908
26.003908
26.003908
26.003908
26.003908
26.003908
26.003908
26.003908
26.003908
26.003908
26.003908
26.003908
26.003908
26.003908
26.003908
26.003908
26.003908
26.003908
26.003908
26.003908
26.003908
26.003908
26.003908
26.003908
26.003908
26.003908
26.003908
26.003908
26.003908
26.003908
26.003908
26.003908
26.003908
26.003908
26.003908
26.003908
26.003908
26.003908
26.003908
26.003908
26.003908
26.003908
26.003908
26.003908
26.003908
26.003908
26.003908
26.003908
26.003908
26.003908
26.003908
26.003908
26.003908
26.003908
26.003908
26.003908
26.003908
26.003908
26.003908
26.003908
26.003908
26.003908
26.003908
26.003908
26.003908
26.003908
26.003908
26.003908
26.003908
26.003908
26.003908
26.003908
26.003908
26.003908
26.003908
26.003908
26.003908
26.003908
26.003908
26.003908
26.003908
26.003908
26.003908
26.003908
26.003908
26.003908
26.003908
26.003908
26.003908
26.003908
26.003908
26.003908
26.003908
26.003908
26.003908
26.003908
26.003908
26.003908
26.003908
26.003908
26.003908
26.003908
26.003908
26.003908
26.003908
26.003908
26.003908
26.003908
26.003908
26.003908
26.003908
26.003908
26.003908
26.003908
26.003908
26.003908
26.003908
26.003908
26.003908
26.003908
26.003908
26.003908
26.003908
26.003908
26.003908
26.003908
26.003908
26.003908
26.003908
26.003908
26.003908
26.003908
26.003908
26.003908
26.003908
26.003908
26.003908
26.003908
26.003908
26.003908
26.003908
26.003908
26.003908
26.003908
26.003908
26.003908
26.003908
26.003908
26.003908
26.003908
26.003908
26.003908
26.003908
26.003908
26.003908
26.003908
26.003908
26.003908
26.003908
26.003908
26.003908
26.003908
26.003908
26.003908
26.003908
26.003908
26.003908
26.003908
26.003908
26.003908
